1
2
3
4
5
6
7
103
155
156
157
172
173
178
299
300
301
303
304
305
306
514
515
579
581
658
710
717
720
723
733
735
736
738
778
793
838
906
908
911
914
916
918
1080
1104
1106
1111
1145
1146
1149
1151
1152
1164
1166
1168
1171
1173
103
155
156
158
178
79
80
81
183
159
1018
773
994
998
999
1000
1001
1075
1094
1179
1181
1705
1777
1778
1779
1847
1155
1178
2069
2075
2094
302
301
307
740
921
1731
1757
2108
291
1412
1533
1536
1832
742
745
2115
2116
924
926
308
309
310
344
356
358
1156
1180
1186
2112
2197
2205
1410
1522
1624
1782
1780
2274
2334
2272
2201
2268
1848
747
2079
2082
2127
929
931
311
359
1190
1195
184
73
74
76
77
175
192
194
196
198
200
459
498
499
1073
1118
1130
1132
1138
1150
1158
1161
1371
1372
1373
1374
1375
1377
1383
1384
1385
2396
2397
2412
2415
2494
934
936
939
2253
2254
312
313
314
360
361
365
1200
2540
2551
2573
2671
