4
0,0
1,0
1,1
0,1
1
4 0 1 2 3
209999999999999999999999999999999999999999999999999999999999999999999999999999999999999999999999999990,209999999999999999999999999999999999999999999999999999999999999999999999999999999999999999999999999990
209999999999999999999999999999999999999999999999999999999999999999999999999999999999999999999999999991,209999999999999999999999999999999999999999999999999999999999999999999999999999999999999999999999999990
209999999999999999999999999999999999999999999999999999999999999999999999999999999999999999999999999991,209999999999999999999999999999999999999999999999999999999999999999999999999999999999999999999999999991
209999999999999999999999999999999999999999999999999999999999999999999999999999999999999999999999999990,209999999999999999999999999999999999999999999999999999999999999999999999999999999999999999999999999991
