8
0,0
0,93938041/315265459
0,17213973457664/20551209475833
0,1
49818959174968437254105491051867907/50865160687299072652981754829700908,1
1,0
1,17213973457664/20551209475833
1,1
4
3 0 5 1
4 5 6 2 1
4 6 4 3 2
3 6 7 4
8824355546917681/54108332592699181,789204968601630512060886151816/1111991677500602965441658392773
0,9460775096836/20551209475833
0,1
0,17213973457664/20551209475833
49818959174968437254105491051867907/50865160687299072652981754829700908,17213973457664/20551209475833
1,3337236018169/20551209475833
1,1
122734486266720728055150324769153136499633389291912568209/127913277140179634813697887950165985558388617995817158761,35932620249617533516722053945547157316995596815103594982/42637759046726544937899295983388661852796205998605719587
