18
0,0
0,1/8
0,1/4
0,3/8
0,1/2
0,5/8
0,3/4
0,7/8
0,1
1,0
1,1/8
1,1/4
1,3/8
1,1/2
1,5/8
1,3/4
1,7/8
1,1
8
4 0 9 10 1
4 11 12 3 2
4 13 14 5 4
4 15 16 7 6
4 16 17 8 7
4 14 15 6 5
4 12 13 4 3
4 10 11 2 1
-9999999999999999999,0
-9999999999999999999,1/8
-9999999999999999999,0
-9999999999999999999,1/8
-9999999999999999999,0
-9999999999999999999,1/8
-9999999999999999999,0
-9999999999999999999,1/8
-9999999999999999999,0
-9999999999999999998,0
-9999999999999999998,1/8
-9999999999999999998,0
-9999999999999999998,1/8
-9999999999999999998,0
-9999999999999999998,1/8
-9999999999999999998,0
-9999999999999999998,1/8
-9999999999999999998,0
