4
0,0
1,0
1,1
0,1
1
4 0 1 2 3
259999999999999999999999999999999999999999999999999999999999999999999999999999999999999999999999999990,259999999999999999999999999999999999999999999999999999999999999999999999999999999999999999999999999990
259999999999999999999999999999999999999999999999999999999999999999999999999999999999999999999999999991,259999999999999999999999999999999999999999999999999999999999999999999999999999999999999999999999999990
259999999999999999999999999999999999999999999999999999999999999999999999999999999999999999999999999991,259999999999999999999999999999999999999999999999999999999999999999999999999999999999999999999999999991
259999999999999999999999999999999999999999999999999999999999999999999999999999999999999999999999999990,259999999999999999999999999999999999999999999999999999999999999999999999999999999999999999999999999991
