4
0,0
1,0
1,1
0,1
1
4 0 1 2 3
99999999999999999999999999999999999999999999999999999999999999999999999999999999999999999999999999990,99999999999999999999999999999999999999999999999999999999999999999999999999999999999999999999999999990
99999999999999999999999999999999999999999999999999999999999999999999999999999999999999999999999999991,99999999999999999999999999999999999999999999999999999999999999999999999999999999999999999999999999990
99999999999999999999999999999999999999999999999999999999999999999999999999999999999999999999999999991,99999999999999999999999999999999999999999999999999999999999999999999999999999999999999999999999999991
99999999999999999999999999999999999999999999999999999999999999999999999999999999999999999999999999990,99999999999999999999999999999999999999999999999999999999999999999999999999999999999999999999999999991
