25
0,0
0,1/22
0,3/16
0,1/2
0,13/16
0,21/22
0,1
1/4,0
1/4,1/2
1/4,1
1/2,1/2
13/20,3/10
13/20,7/10
37/48,0
37/48,1
4/5,1/10
4/5,9/10
7/8,0
7/8,1
11/12,1/2
1,0
1,1/10
1,1/2
1,9/10
1,1
26
3 7 13 15
3 13 17 15
3 7 15 11
3 21 22 15
4 17 20 21 15
4 22 19 11 15
3 7 11 10
3 11 19 10
3 7 10 8
3 14 9 16
3 18 14 16
3 9 12 16
3 22 23 16
4 23 24 18 16
4 22 16 12 19
3 9 10 12
3 10 19 12
3 9 8 10
3 0 7 1
3 7 2 1
3 7 3 2
3 7 8 3
3 9 6 5
3 9 5 4
3 9 4 3
3 8 9 3
93/100,37/50
39/44,8/11
1,13/16
3/4,1
1,13/16
39/44,8/11
93/100,37/50
1,1/2
1,1
1,1/2
3/4,1
1,1
1,1
41/48,1
41/48,1
3/4,1
3/4,1
33/40,9/10
33/40,9/10
1,2/3
19/20,9/10
19/20,1
19/20,3/5
19/20,1
19/20,9/10
