8
0,0
0,57919561/142440800
0,6983925255539/8464117217600
0,1
576353370395763862230623686905017/594481930237089037830536741460800,1
1,0
1,6983925255539/8464117217600
1,1
4
3 0 5 1
4 5 6 2 1
4 6 4 3 2
3 6 7 4
6709351092865442/23644057051072721,174657515770156674034509797981/200126070379901300365781089600
0,4921888115803/8464117217600
0,1
0,6983925255539/8464117217600
576353370395763862230623686905017/594481930237089037830536741460800,6983925255539/8464117217600
1,1480191962061/8464117217600
1,1
20238421088579303554405193736615186934646326040504161/21511690464442863896298811678486325835169130560782400,81689941507694850930244893984022567781688676033213/97780411202013017710449143993119662887132411639920
