49
0,0
0,1/6
0,1/3
0,1/2
0,2/3
0,5/6
0,1
1/6,0
1/6,1/6
1/6,1/3
1/6,1/2
1/6,2/3
1/6,5/6
1/6,1
1/3,0
1/3,1/6
1/3,1/3
1/3,1/2
1/3,2/3
1/3,5/6
1/3,1
1/2,0
1/2,1/6
1/2,1/3
1/2,1/2
1/2,2/3
1/2,5/6
1/2,1
2/3,0
2/3,1/6
2/3,1/3
2/3,1/2
2/3,2/3
2/3,5/6
2/3,1
5/6,0
5/6,1/6
5/6,1/3
5/6,1/2
5/6,2/3
5/6,5/6
5/6,1
1,0
1,1/6
1,1/3
1,1/2
1,2/3
1,5/6
1,1
36
4 7 14 15 8
4 21 28 29 22
4 35 42 43 36
4 28 35 36 29
4 14 21 22 15
4 10 9 16 17
4 12 11 18 19
4 20 13 12 19
4 11 10 17 18
4 9 8 15 16
4 31 24 23 30
4 44 45 38 37
4 38 31 30 37
4 26 25 32 33
4 34 27 26 33
4 25 24 31 32
4 46 47 40 39
4 47 48 41 40
4 33 32 39 40
4 41 34 33 40
4 45 46 39 38
4 39 32 31 38
4 17 16 23 24
4 19 18 25 26
4 27 20 19 26
4 18 17 24 25
4 30 23 22 29
4 43 44 37 36
4 37 30 29 36
4 23 16 15 22
4 0 7 8 1
4 9 10 3 2
4 11 12 5 4
4 12 13 6 5
4 10 11 4 3
4 8 9 2 1
0,0
0,1/6
0,0
0,1/6
0,0
0,1/6
0,0
1/6,0
1/6,1/6
1/6,0
1/6,1/6
1/6,0
1/6,1/6
1/6,0
0,0
0,1/6
0,0
0,1/6
0,0
0,1/6
0,0
1/6,0
1/6,1/6
1/6,0
1/6,1/6
1/6,0
1/6,1/6
1/6,0
0,0
0,1/6
0,0
0,1/6
0,0
0,1/6
0,0
1/6,0
1/6,1/6
1/6,0
1/6,1/6
1/6,0
1/6,1/6
1/6,0
0,0
0,1/6
0,0
0,1/6
0,0
0,1/6
0,0
