10
0,0
0,2828427124746193/5656854249492383
0,4242640687119288/5656854249492383
0,1
1/2,4242640687119288/5656854249492383
4242640687119288/5656854249492383,4242640687119288/5656854249492383
1,0
1,2828427124746193/5656854249492383
1,4242640687119288/5656854249492383
1,1
6
3 8 9 5
4 9 3 4 5
3 3 2 4
3 7 8 5
6 0 6 7 5 4 1
3 4 2 1
69869136894920988389289951298993464/5656854249492383,4523732452352352566
69869136894920988392118378423739657/5656854249492383,4523732452352352566
494049404940498438861502667774542728079341464535646/40000000000000031180485094534789,180949298094094243684172302235836775008841560902474/40000000000000031180485094534789
69869136894920988392118378423739657/5656854249492383,4523732452352352566
12351235123512451344,9047464904704705131/2
12351235123512451344,25590095146656004609967120660385490/5656854249492383
69869136894920988389289951298993464/5656854249492383,4523732452352352565
69869136894920988392118378423739657/5656854249492383,4523732452352352565
69869136894920988392118378423739657/5656854249492383,25590095146656004609967120660385490/5656854249492383
69869136894920988392118378423739657/5656854249492383,4523732452352352565
