34
0,0
0,1/16
0,1/8
0,3/16
0,1/4
0,5/16
0,3/8
0,7/16
0,1/2
0,9/16
0,5/8
0,11/16
0,3/4
0,13/16
0,7/8
0,15/16
0,1
1,0
1,1/16
1,1/8
1,3/16
1,1/4
1,5/16
1,3/8
1,7/16
1,1/2
1,9/16
1,5/8
1,11/16
1,3/4
1,13/16
1,7/8
1,15/16
1,1
16
4 0 17 18 1
4 19 20 3 2
4 21 22 5 4
4 23 24 7 6
4 25 26 9 8
4 27 28 11 10
4 29 30 13 12
4 31 32 15 14
4 32 33 16 15
4 30 31 14 13
4 28 29 12 11
4 26 27 10 9
4 24 25 8 7
4 22 23 6 5
4 20 21 4 3
4 18 19 2 1
0,0
0,1/16
0,0
0,1/16
0,0
0,1/16
0,0
0,1/16
0,0
0,1/16
0,0
0,1/16
0,0
0,1/16
0,0
0,1/16
0,0
1,0
1,1/16
1,0
1,1/16
1,0
1,1/16
1,0
1,1/16
1,0
1,1/16
1,0
1,1/16
1,0
1,1/16
1,0
1,1/16
1,0
