7
0,0
0,48076/56393
0,1
75946723109969/76500312580970,1
1,0
1,145868/165091
1,1
3
4 0 4 5 1
4 5 3 2 1
3 5 6 3
0,0
0,48076/56393
793682495109914352/86759199430192905433,61192851650729182911/86759199430192905433
1327421175280110658044819012458677/1327421175136894315754033473082002,2544990704464881856958239052767011/3318552937842235789385083682705005
1,0
1,145868/165091
506020434969116211832743918230887664521684651201/509701755625293474959549239880256591468453660037,391117904312061536129062192977052955702542098141/509701755625293474959549239880256591468453660037
