4
0,0
1,0
1,1
0,1
1
4 0 1 2 3
179999999999999999999999999999999999999999999999999999999999999999999999999999999999999999999999999990,179999999999999999999999999999999999999999999999999999999999999999999999999999999999999999999999999990
179999999999999999999999999999999999999999999999999999999999999999999999999999999999999999999999999991,179999999999999999999999999999999999999999999999999999999999999999999999999999999999999999999999999990
179999999999999999999999999999999999999999999999999999999999999999999999999999999999999999999999999991,179999999999999999999999999999999999999999999999999999999999999999999999999999999999999999999999999991
179999999999999999999999999999999999999999999999999999999999999999999999999999999999999999999999999990,179999999999999999999999999999999999999999999999999999999999999999999999999999999999999999999999999991
