36
0,0
0,1/5
0,2/5
0,3/5
0,4/5
0,1
1/5,0
1/5,1/5
1/5,2/5
1/5,3/5
1/5,4/5
1/5,1
2/5,0
2/5,1/5
2/5,2/5
2/5,3/5
2/5,4/5
2/5,1
3/5,0
3/5,1/5
3/5,2/5
3/5,3/5
3/5,4/5
3/5,1
4/5,0
4/5,1/5
4/5,2/5
4/5,3/5
4/5,4/5
4/5,1
1,0
1,1/5
1,2/5
1,3/5
1,4/5
1,1
50
3 6 12 13
3 18 24 25
3 18 25 19
3 24 30 25
3 30 31 25
3 18 19 13
3 12 18 13
3 6 13 7
3 15 9 8
3 15 8 14
3 27 20 26
3 27 21 20
3 32 27 26
3 32 33 27
3 21 15 20
3 15 14 20
3 17 11 10
3 17 10 16
3 29 22 28
3 29 23 22
3 34 29 28
3 34 35 29
3 23 17 22
3 17 16 22
3 10 9 15
3 16 10 15
3 28 22 27
3 22 21 27
3 34 28 27
3 33 34 27
3 22 15 21
3 22 16 15
3 14 8 13
3 26 20 25
3 20 19 25
3 32 26 25
3 31 32 25
3 20 13 19
3 20 14 13
3 8 7 13
3 0 6 1
3 6 7 1
3 8 9 3
3 8 3 2
3 10 11 5
3 10 5 4
3 9 10 3
3 10 4 3
3 8 2 1
3 7 8 1
1/5,1/5
0,1/5
1/5,1/5
0,1/5
1/5,1/5
0,1/5
1/5,0
1/5,1/5
1/5,0
1/5,1/5
1/5,0
1/5,1/5
1/5,1/5
0,1/5
1/5,1/5
0,1/5
1/5,1/5
0,1/5
1/5,0
1/5,1/5
1/5,0
1/5,1/5
1/5,0
1/5,1/5
1/5,1/5
0,1/5
1/5,1/5
0,1/5
1/5,1/5
0,1/5
1/5,0
1/5,1/5
1/5,0
1/5,1/5
1/5,0
1/5,1/5
