4
0,0
1,0
1,1
0,1
1
4 0 1 2 3
169999999999999999999999999999999999999999999999999999999999999999999999999999999999999999999999999990,169999999999999999999999999999999999999999999999999999999999999999999999999999999999999999999999999990
169999999999999999999999999999999999999999999999999999999999999999999999999999999999999999999999999991,169999999999999999999999999999999999999999999999999999999999999999999999999999999999999999999999999990
169999999999999999999999999999999999999999999999999999999999999999999999999999999999999999999999999991,169999999999999999999999999999999999999999999999999999999999999999999999999999999999999999999999999991
169999999999999999999999999999999999999999999999999999999999999999999999999999999999999999999999999990,169999999999999999999999999999999999999999999999999999999999999999999999999999999999999999999999999991
