23
0,0
0,1/4
0,1/2
0,3/4
0,1
1/4,0
1/4,1/2
1/4,1
1/2,0
1/2,1/4
1/2,1/2
1/2,3/4
1/2,1
3/4,0
3/4,1/4
3/4,1/2
3/4,3/4
3/4,1
1,0
1,1/4
1,1/2
1,3/4
1,1
24
3 5 8 9
3 13 19 14
3 20 21 15
3 19 20 15
3 19 15 14
3 13 18 19
3 13 14 9
3 14 15 9
3 8 13 9
4 0 5 9 1
3 11 6 10
3 15 21 16
3 21 22 17
3 21 17 16
3 15 16 11
3 16 17 11
3 15 11 10
4 3 2 6 11
3 12 7 11
3 17 12 11
4 7 4 3 11
3 9 10 6
3 9 15 10
4 9 6 2 1
0,0
0,1/4
0,0
0,1/4
0,0
1/4,0
1/4,0
1/4,0
1/4,1/4
1/2,1/4
1/4,1/4
1/2,1/4
1/4,1/4
1/4,0
1/4,1/4
1/4,0
1/4,1/4
1/4,0
1/4,1/4
1/2,1/4
1/4,1/4
1/2,1/4
1/4,1/4
