49
0,0
0,1/6
0,1/3
0,1/2
0,2/3
0,5/6
0,1
1/6,0
1/6,1/6
1/6,1/3
1/6,1/2
1/6,2/3
1/6,5/6
1/6,1
1/3,0
1/3,1/6
1/3,1/3
1/3,1/2
1/3,2/3
1/3,5/6
1/3,1
1/2,0
1/2,1/6
1/2,1/3
1/2,1/2
1/2,2/3
1/2,5/6
1/2,1
2/3,0
2/3,1/6
2/3,1/3
2/3,1/2
2/3,2/3
2/3,5/6
2/3,1
5/6,0
5/6,1/6
5/6,1/3
5/6,1/2
5/6,2/3
5/6,5/6
5/6,1
1,0
1,1/6
1,1/3
1,1/2
1,2/3
1,5/6
1,1
72
3 0 7 1
3 7 15 8
3 7 14 15
3 21 28 29
3 21 29 22
3 28 35 29
3 35 43 36
3 35 42 43
3 35 36 29
3 14 21 15
3 21 22 15
3 7 8 1
3 17 10 9
3 17 9 16
3 31 23 30
3 31 24 23
3 31 30 37
3 45 38 37
3 44 45 37
3 38 31 37
3 17 16 23
3 24 17 23
3 10 3 9
3 3 2 9
3 11 10 17
3 11 18 19
3 12 11 19
3 13 12 19
3 20 13 19
3 11 17 18
3 25 32 33
3 26 25 33
3 27 26 33
3 34 27 33
3 25 31 32
3 25 24 31
3 33 32 39
3 47 40 39
3 46 47 39
3 40 33 39
3 47 41 40
3 47 48 41
3 41 33 40
3 41 34 33
3 39 32 31
3 45 39 38
3 45 46 39
3 39 31 38
3 19 18 25
3 19 25 26
3 27 19 26
3 27 20 19
3 18 17 25
3 17 24 25
3 3 10 11
3 5 4 11
3 5 11 12
3 13 5 12
3 13 6 5
3 4 3 11
3 9 8 15
3 16 9 15
3 30 23 29
3 23 22 29
3 37 30 29
3 43 37 36
3 43 44 37
3 37 29 36
3 23 16 15
3 23 15 22
3 9 1 8
3 9 2 1
0,0
0,1/6
0,0
0,1/6
0,0
0,1/6
0,0
1/6,0
0,0
1/6,0
0,0
1/6,0
0,0
1/6,0
0,0
0,1/6
0,0
0,1/6
0,0
0,1/6
0,0
1/6,0
0,0
1/6,0
0,0
1/6,0
0,0
1/6,0
0,0
0,1/6
0,0
0,1/6
0,0
0,1/6
0,0
1/6,0
0,0
1/6,0
0,0
1/6,0
0,0
1/6,0
0,0
0,1/6
0,0
0,1/6
0,0
0,1/6
0,0
