11
0,0
0,597/5852
0,52536/198835
0,11563898515795484/19075494253669273
0,1280364412288730637485726512/1549754970905132319408869019
0,1
24823/45163,298320/316141
7511595737873789/11710216936323556,1
1,0
1,1695/2926
1,1
5
4 0 8 9 1
3 4 3 6
4 7 5 4 6
3 6 3 2
6 9 10 7 6 2 1
0,0
0,597/5852
3582/28405,0
1068204327404442/2725070607667039,586156898019476/2725070607667039
96961154599759994753463022/221393567272161759915552717,0
107374672608634615133718802/226392501048369694235807795,269390558616401681923142507/1584747507338587859650654565
1,0
12899719171370075/11710216936323556,15029123450609/418222033440127
1,0
1,1695/2926
59935/45163,99485/316141
