25
0,0
0,1/4
0,1/2
0,3/4
0,1
1/4,0
1/4,1/4
1/4,1/2
1/4,3/4
1/4,1
1/2,0
1/2,1/4
1/2,1/2
1/2,3/4
1/2,1
3/4,0
3/4,1/4
3/4,1/2
3/4,3/4
3/4,1
1,0
1,1/4
1,1/2
1,3/4
1,1
32
3 21 22 16
3 20 21 16
3 10 15 16
3 15 20 16
3 16 22 17
3 22 18 17
3 23 24 18
3 24 19 18
3 22 23 18
3 16 17 12
3 10 16 11
3 16 12 11
3 17 18 12
3 18 14 13
3 18 19 14
3 18 13 12
3 6 7 2
3 0 6 1
3 6 2 1
3 6 12 7
3 10 11 6
3 0 5 6
3 5 10 6
3 11 12 6
3 8 2 7
3 8 4 3
3 8 3 2
3 12 8 7
3 13 14 8
3 9 4 8
3 14 9 8
3 12 13 8
1,1
5/4,1
1,1
5/4,1
1,1
5/4,1
5/4,5/4
5/4,1
5/4,5/4
5/4,1
1,1
5/4,1
1,1
5/4,1
1,1
5/4,1
5/4,5/4
5/4,1
5/4,5/4
5/4,1
1,1
5/4,1
1,1
5/4,1
1,1
