4
0,0
1,0
1,1
0,1
1
4 0 1 2 3
249999999999999999999999999999999999999999999999999999999999999999999999999999999999999999999999999990,249999999999999999999999999999999999999999999999999999999999999999999999999999999999999999999999999990
249999999999999999999999999999999999999999999999999999999999999999999999999999999999999999999999999991,249999999999999999999999999999999999999999999999999999999999999999999999999999999999999999999999999990
249999999999999999999999999999999999999999999999999999999999999999999999999999999999999999999999999991,249999999999999999999999999999999999999999999999999999999999999999999999999999999999999999999999999991
249999999999999999999999999999999999999999999999999999999999999999999999999999999999999999999999999990,249999999999999999999999999999999999999999999999999999999999999999999999999999999999999999999999999991
