8
0,0
0,1/2
0,1
1/2,0
1/2,1
1,0
1,1/2
1,1
5
3 3 5 6
3 0 3 1
4 3 6 4 1
3 4 2 1
3 6 7 4
3663453522564761/4294967296,22885004084254805660229409925056498138
3663451375081113/4294967296,22885004084254805660229409925056498138
3663453522564761/4294967296,22885004084254805660229409925056498138
3663453522564761/4294967296,45770008168509611320458819850112996275/2
3663453522564761/4294967296,45770008168509611320458819850112996277/2
3663453522564761/4294967296,22885004084254805660229409925056498138
3663455670048409/4294967296,22885004084254805660229409925056498138
3663453522564761/4294967296,22885004084254805660229409925056498138
